Lx1 = 7.968
Lx2 = 0.036

E1	=	1.5936
Ur1	=	0.0233031%
U1	=	0.000371358
E2	=	0.0072
Ur2	=	2.77785%
U2	=	0.000200005
Lx1 = 7.831
Lx2 = 9.246

E1	=	1.5662
Ur1	=	0.023422%
U1	=	0.000366836
E2	=	1.8492
Ur2	=	0.0224165%
U2	=	0.000414526
